Italy.Soil.It.Sw11.1.ITS1o	Italy.Soil.Sw.It41.3.ITS1o	Italy.Soil.It.Sw47.2.ITS1o	Italy.Root.Sw.Sw47.1.ITS1o	Italy.Root.Sw.It32.1.ITS1o	Italy.Root.Sw.It15.1.ITS1o	Italy.Soil.Sw.Sw47.1.ITS1o	Italy.Soil.Sw.It15.3.ITS1o	Italy.Soil.Sw.It41.1.ITS1o	Italy.Soil.Sw.It24.1.ITS1o	Italy.Root.Sw.Sw47.3.ITS1o	Italy.Soil.It.Sw43.1.ITS1o	Italy.Soil.Sw.It41.2.ITS1o	Italy.Root.Sw.It32.3.ITS1o	Italy.Soil.It.It15.2.ITS1o	Italy.Soil.Sw.It32.3.ITS1o	Italy.Soil.Sw.Sw7.2.ITS1o	Italy.Soil.It.It32.3.ITS1o	Italy.Root.Sw.Sw11.3.ITS1o	Italy.Soil.It.Sw47.1.ITS1o	Italy.Root.Sw.It24.1.ITS1o	Italy.Soil.It.It41.2.ITS1o	Italy.Soil.Sw.Sw47.2.ITS1o	Italy.Soil.Sw.It24.3.ITS1o	Italy.Root.Sw.It24.3.ITS1o	Italy.Soil.It.It41.3.ITS1o	Italy.Root.Sw.It32.2.ITS1o	Italy.Root.Sw.Sw11.1.ITS1o	Italy.Soil.Sw.Sw47.3.ITS1o	Italy.Soil.Sw.It15.1.ITS1o	Italy.Soil.It.It32.1.ITS1o	Italy.Soil.Sw.It32.2.ITS1o	Italy.Root.Sw.Sw43.2.ITS1o	Italy.Soil.Sw.It24.2.ITS1o	Italy.Soil.It.It24.1.ITS1o	Italy.Root.Sw.It41.3.ITS1o	Italy.Root.Sw.It15.2.ITS1o	Italy.Soil.It.It24.2.ITS1o	Italy.Soil.It.Sw11.2.ITS1o	Italy.Soil.Sw.It15.2.ITS1o	Italy.Root.Sw.It41.1.ITS1o	Italy.Root.Sw.It15.3.ITS1o	Italy.Root.Sw.It41.2.ITS1o	Italy.Soil.It.It15.3.ITS1o	Italy.Soil.It.Sw7.2.ITS1o	Italy.Soil.It.It15.1.ITS1o	Italy.Soil.Sw.Sw11.2.ITS1o	Italy.Soil.Sw.Sw11.1.ITS1o	Italy.Root.Sw.It24.2.ITS1o	Italy.Soil.It.Sw7.1.ITS1o	Italy.Soil.It.It32.2.ITS1o	Italy.Soil.It.Sw47.3.ITS1o	Italy.Soil.Sw.Sw7.1.ITS1o	Italy.Soil.It.Sw43.2.ITS1o	Italy.Soil.Sw.Sw43.1.ITS1o	Italy.Root.Sw.Sw7.2.ITS1o	Italy.Root.Sw.Sw7.1.ITS1o	Italy.Soil.It.It24.3.ITS1o	Italy.Soil.It.It41.1.ITS1o	Italy.Soil.Sw.It32.1.ITS1o	Italy.Soil.Sw.Sw7.3.ITS1o	Italy.Root.Sw.Sw43.3.ITS1o	Italy.Root.Sw.Sw7.3.ITS1o	Italy.Soil.It.Sw7.3.ITS1o	Italy.Root.Sw.Sw47.2.ITS1o	Italy.Root.Sw.Sw43.1.ITS1o	Italy.Soil.Sw.Sw11.3.ITS1o	Italy.Soil.Sw.Sw43.2.ITS1o	Italy.Soil.It.Sw43.3.ITS1o	Italy.Soil.Sw.Sw43.3.ITS1o	Italy.Soil.It.Sw11.3.ITS1o	Italy.Root.Sw.Sw11.2.ITS1o	Sweden.Root.It.Sw.4.ITS1o	Sweden.Root.It.Sw.3.ITS1o	Sweden.Root.It.Sw.5.ITS1o	Italy.Root.It.Sw11.3.ITS1o	Italy.Root.It.It24.1.ITS1o	Italy.Root.It.It24.3.ITS1o	Italy.Root.It.It32.2.ITS1o	Italy.Root.It.It15.3.ITS1o	Italy.Root.It.Sw7.1.ITS1o	Sweden.Root.It.Sw.2.ITS1o	Italy.Root.It.Sw43.1.ITS1o	Italy.Root.It.Sw47.1.ITS1o	Italy.Root.It.Sw11.2.ITS1o	Italy.Root.It.Sw7.2.ITS1o	Italy.Root.It.It15.1.ITS1o	Sweden.Root.Sw.Sw.6.ITS1o	Italy.Root.It.Sw7.3.ITS1o	Sweden.DP.Soil.It.It.2.ITS1o	Sweden.Soil.It.Sw.2.ITS1o	Italy.Root.It.Sw11.1.ITS1o	Italy.Root.It.Sw47.3.ITS1o	Italy.Root.It.It41.3.ITS1o	Sweden.Root.It.Sw.1.ITS1o	Sweden.Soil.Sw.Sw.3.ITS1o	Italy.Root.It.Sw43.3.ITS1o	Italy.Root.It.It32.1.ITS1o	Italy.Root.It.It41.1.ITS1o	Italy.Root.It.It41.2.ITS1o	Sweden.Soil.It.Sw.1.ITS1o	Italy.Root.It.It15.2.ITS1o	Italy.Soil.Unplanted.Swe2.ITS1o	Italy.Root.It.It24.2.ITS1o	Italy.Soil.Unplanted.Ita.2.ITS1o	Sweden.Root.Sw.Sw.4.ITS1o	Sweden.Root.Sw.Sw.5.ITS1o	Sweden.Root.Sw.Sw.3.ITS1o	Sweden.Root.Sw.Sw.1.ITS1o	Sweden.DP.Soil.It.Sw.3.ITS1o	Sweden.Root.It.Sw.6.ITS1o	Sweden.DP.Soil.Sw.Sw.1.ITS1o	Sweden.Soil.Sw.Sw.2.ITS1o	Sweden.DP.Soil.Sw.Sw.2.ITS1o	Sweden.Soil.It.Sw.4.ITS1o	Sweden.DP.Soil.It.Sw.1.ITS1o	Sweden.DP.Soil.Sw.It.2.ITS1o	Sweden.Soil.It.Sw.6.ITS1o	Italy.Soil.Unplanted.Swe3.ITS1o	Italy.Soil.Unplanted.Ita.1.ITS1o	Sweden.Soil.It.Sw.5.ITS1o	Sweden.Soil.It.Sw.3.ITS1o	Sweden.Soil.Unplanted.It.2.ITS1o	Sweden.Root.Sw.Sw.2.ITS1o	Italy.Root.It.It32.3.ITS1o	Italy.Soil.Unplanted.Swe1.ITS1o	Sweden.DP.Soil.Sw.It.1.ITS1o	Sweden.Soil.Sw.Sw.1.ITS1o	Italy.Root.It.Sw47.2.ITS1o	Sweden.Soil.Unplanted.Sw.3.ITS1o	Sweden.Soil.Sw.Sw.5.ITS1o	Sweden.Soil.Sw.Sw.4.ITS1o	Sweden.DP.Soil.Sw.It.3.ITS1o	Sweden.DP.Soil.Sw.Sw.3.ITS1o	Sweden.Soil.Unplanted.It.1.ITS1o	Sweden.Soil.Sw.Sw.6.ITS1o	Sweden.DP.Soil.It.It.3.ITS1o	Italy.Soil.Unplanted.Ita.3.ITS1o	Sweden.Soil.Unplanted.Sw.2.ITS1o	Sweden.Soil.Unplanted.Sw.1.ITS1o	Italy.Root.It.Sw43.2.ITS1o	Sweden.DP.Soil.It.Sw.2.ITS1o	Sweden.Soil.Unplanted.It.3.ITS1o	Sweden.DP.Soil.It.It.1.ITS1o
Italy.Soil.It.Sw11.1.ITS1o	0.0	0.658055462679	0.681628043344	0.776661583167	0.830203703168	0.629371465404	0.777438571832	0.67920582725	0.673092219015	0.707788995958	0.744050491826	0.593063195442	0.713111120586	0.786614254539	0.626549123155	0.707413219347	0.734740156937	0.627330816843	0.56667147512	0.605721168237	0.717899475969	0.642818424287	0.740429366578	0.71033019903	0.788349660646	0.676048980477	0.72627223428	0.677328087256	0.604802462431	0.731191568033	0.670716617521	0.724242064526	0.767050486091	0.776399611361	0.597281766988	0.680203624286	0.75103383196	0.689304447616	0.54369285517	0.80124228167	0.71680283048	0.714308041871	0.631025182293	0.629099616014	0.606456945796	0.637198282589	0.713387876719	0.662159531857	0.638747011581	0.572181109583	0.612061051545	0.695135386478	0.60142358241	0.638025513484	0.677524487452	0.715106569189	0.680598188795	0.74524429567	0.653050572255	0.655564703411	0.688083580639	0.74037665557	0.82740178608	0.661131424457	0.7346027285	0.625949739503	0.720598098668	0.716955151258	0.655402389775	0.782017444724	0.705705252647	0.757650845712	0.810281344316	0.795792698365	0.672878614301	0.752450688218	0.722340246577	0.672189879342	0.605169461365	0.685453639639	0.608003864016	0.686996232548	0.663437812473	0.702289624007	0.651276871077	0.680873664021	0.672496730851	0.62267081034	0.660857360956	0.771166100365	0.78901622306	0.529301256328	0.601144981836	0.678857137758	0.681501117494	0.613263950054	0.657389229305	0.58816750944	0.712469177077	0.534691055901	0.75474055849	0.646280867958	0.630180866248	0.679005011144	0.625455142849	0.636066338417	0.673765222956	0.732268469789	0.754406311471	0.774975033905	0.704023077809	0.751977330897	0.706929029156	0.747377833074	0.786143740813	0.66219229914	0.729627566291	0.674371010777	0.661721891843	0.77117426428	0.695180253665	0.675180714338	0.710072577485	0.778292660305	0.698567295327	0.659291116956	0.632542319894	0.655022551859	0.693136035462	0.646170873673	0.686505754836	0.654269222635	0.601071132614	0.649143535366	0.692086995193	0.601687303684	0.759035758185	0.699391707085	0.694574839764	0.635054229148	0.762530640726	0.794997416049	0.705939770416	0.651113029046
Italy.Soil.Sw.It41.3.ITS1o	0.658055462679	0.0	0.619369201554	0.683341616615	0.779608768094	0.662934179884	0.596756200072	0.559069120303	0.528992879131	0.522768022013	0.772726129	0.607726049473	0.509135620578	0.662650106811	0.589111459271	0.499625560334	0.606719648867	0.635953205184	0.637723302303	0.563168309765	0.758540628894	0.622288455159	0.57927720178	0.505241867282	0.640785200962	0.601493234219	0.590767831858	0.739746401429	0.677558506177	0.436765559643	0.642651839773	0.68524678727	0.793361144483	0.55957085886	0.679005299737	0.581861803792	0.746371173175	0.624167485173	0.58996135023	0.597680566279	0.579069733302	0.628826175693	0.63660587913	0.612351988746	0.590762382741	0.662036289276	0.534138722189	0.616286289517	0.554581575258	0.639664094505	0.624011220361	0.604417803199	0.518335013134	0.540086923831	0.570302370197	0.791496625723	0.588812199344	0.729779371577	0.587522632818	0.580932924325	0.582016434318	0.723604982864	0.705740320702	0.705145780588	0.62410819475	0.717204171242	0.591281084055	0.590954183509	0.624239709312	0.51119856755	0.640710636914	0.791559575842	0.789922187981	0.73498214548	0.831279866872	0.723397665061	0.711904519183	0.657808250227	0.724027670087	0.794838011554	0.705062869965	0.694176236277	0.637965625456	0.646650076655	0.79646810145	0.706466899498	0.641674969634	0.658928802571	0.776165119192	0.861239599657	0.757031951729	0.678681902721	0.669425652129	0.662648476012	0.697744718	0.663074929874	0.596335577145	0.689826621354	0.740339324096	0.677422582276	0.73836104118	0.69919587391	0.70862936919	0.755119266505	0.769522995906	0.626015939089	0.695034095501	0.717519154828	0.664122692006	0.793811715398	0.831759171846	0.773892626171	0.654157737139	0.751142000709	0.766270927346	0.686499270545	0.681027536282	0.776059284421	0.656380938933	0.751871597157	0.746518606218	0.732339167123	0.771676011014	0.757759014095	0.818588122781	0.679104081284	0.600903634631	0.657152608099	0.75493759291	0.807626642345	0.643456931961	0.607697073116	0.682267856979	0.706066210964	0.828228338211	0.726823616287	0.702827870293	0.690228455946	0.666564864633	0.713420322706	0.719383646868	0.815401049042	0.835972687293	0.694015673579
Italy.Soil.It.Sw47.2.ITS1o	0.681628043344	0.619369201554	0.0	0.769944968547	0.871233732956	0.732191044815	0.749189517106	0.654548268282	0.661050266222	0.734890707393	0.832713275437	0.635062412608	0.642720454195	0.756351234021	0.598412409349	0.706443693956	0.780282437181	0.581504300794	0.739135962905	0.599230042078	0.832288932792	0.584705150526	0.711125298135	0.744306513107	0.775969893076	0.632527188261	0.696464055173	0.810882214501	0.737241899253	0.662026489839	0.551289641616	0.821328704851	0.816138831996	0.70416086102	0.605162644091	0.698496852569	0.824950143196	0.634401481938	0.650523335728	0.79634963206	0.690810711107	0.737025998549	0.679908229677	0.551759271312	0.593966111704	0.53684658022	0.701247317977	0.649443457132	0.668480851676	0.659517260888	0.572125285879	0.635548159176	0.644407613885	0.62516608356	0.75690210454	0.832401081558	0.739600896073	0.585160740437	0.577514598061	0.685497038623	0.670916448672	0.786052633024	0.80253212715	0.650500891164	0.653734456543	0.824345225161	0.679976809372	0.740755124147	0.670698455146	0.711887039433	0.673737750345	0.835396055797	0.772456301908	0.81358192542	0.832727098421	0.725533593983	0.670548543152	0.684181470437	0.7424190768	0.799883204625	0.653935602799	0.728494999644	0.666731119006	0.657274686085	0.754329885282	0.700982724343	0.65820139409	0.831802661162	0.71570633734	0.922722650528	0.810682522048	0.702453155199	0.687555789644	0.728873255422	0.802148195285	0.785032765253	0.636784496649	0.69228004999	0.695626381251	0.660252414192	0.785473666081	0.782944938565	0.741939960522	0.705621641302	0.829640825699	0.742272176376	0.768335618527	0.833493873463	0.80918767106	0.826846633609	0.870544221704	0.863855186577	0.673301076601	0.820116860152	0.777139592675	0.760261194952	0.774589162663	0.736381997387	0.765491631818	0.837523996624	0.781378952723	0.805479403093	0.804682776988	0.852601083777	0.829108799497	0.781139476814	0.743455334499	0.717293870453	0.689741430473	0.801096553347	0.750655113846	0.732192603608	0.785684740574	0.80709039747	0.796688845655	0.789660331768	0.770414189524	0.807559800571	0.722475561718	0.817360583491	0.696866327168	0.905095062496	0.831756187216	0.768947829832
Italy.Root.Sw.Sw47.1.ITS1o	0.776661583167	0.683341616615	0.769944968547	0.0	0.74712866098	0.730510247958	0.73646188364	0.728304454679	0.65432635194	0.717727695191	0.730307035597	0.690691603809	0.733496227072	0.635127132867	0.674322685843	0.6611473574	0.654398585041	0.592618179865	0.686939628961	0.634608522741	0.789953516392	0.695556141405	0.676424433035	0.685877829421	0.615401971155	0.753411129683	0.595355408463	0.705448931194	0.759661236703	0.743779209755	0.724237679875	0.769003386805	0.649646643521	0.685091668792	0.731836995659	0.709127106465	0.693356945525	0.648962903002	0.68793855749	0.739815320017	0.653462980414	0.698081985372	0.668082933553	0.717789059733	0.677834047088	0.754128610127	0.714563307494	0.65786066116	0.640254893596	0.665633016472	0.702678800299	0.651923265995	0.619986457159	0.679172789416	0.701015317306	0.727972357016	0.692958432339	0.750250489714	0.726473913892	0.719679899138	0.682101475021	0.697382040556	0.762207381733	0.68577205463	0.630296393751	0.792320636748	0.716204422676	0.690864452016	0.663758714465	0.731507457441	0.609128666089	0.727482265456	0.851648041472	0.812085347098	0.822060354369	0.625644248992	0.625536764494	0.677120447865	0.768169463252	0.851435316744	0.714288319112	0.736830685165	0.69394948479	0.689575850285	0.784526021984	0.704457094832	0.701225579209	0.764076353213	0.723901053968	0.888446323862	0.835836296106	0.611180898044	0.566192191932	0.66033331116	0.780975728813	0.820376161361	0.686018861879	0.670288488524	0.779752860152	0.703563469938	0.84398819365	0.631338505601	0.768553159361	0.686745248791	0.782662034432	0.736896118004	0.84840205038	0.756620686442	0.781068480095	0.887270659863	0.857985710729	0.790902861919	0.806523812249	0.829509053448	0.813294360251	0.830139225134	0.764132660545	0.806861253563	0.737068939225	0.790218297296	0.774918577592	0.821261754172	0.853936255447	0.889547578046	0.83342525307	0.745361147896	0.714421560996	0.66241481948	0.705870582365	0.836516088665	0.762829406989	0.752052705807	0.799715000758	0.708326307913	0.815766860057	0.809590948414	0.75719199384	0.790242102927	0.730084193304	0.828882452712	0.636283899312	0.804956657848	0.822818768875	0.743578096459
Italy.Root.Sw.It32.1.ITS1o	0.830203703168	0.779608768094	0.871233732956	0.74712866098	0.0	0.753201612005	0.771213762269	0.699059156485	0.715454226997	0.776384635592	0.671570176677	0.695985063646	0.817813370125	0.729207082519	0.775188266928	0.827723664054	0.721944962003	0.721102383171	0.815861172556	0.770060845105	0.848007844917	0.809428118357	0.775886859397	0.812513760993	0.770303432336	0.781826500474	0.784443639989	0.78375337465	0.799059427284	0.784511696786	0.747002283131	0.748619450645	0.874970328125	0.750168283578	0.851835227288	0.775881507526	0.768121466758	0.820528355706	0.7995507881	0.811315587568	0.780521688319	0.77756728033	0.71398587187	0.815904007554	0.809897196947	0.790321675149	0.731862717255	0.776375225939	0.686373252538	0.814661087933	0.779713129589	0.796990494669	0.755196809929	0.777111075668	0.839192661258	0.739872690788	0.710041268815	0.836345985162	0.829173419581	0.735538895918	0.792884351898	0.894879197014	0.918567846023	0.812843424358	0.760796328263	0.839658746202	0.801140208566	0.779571410563	0.820378146295	0.865867910354	0.832321702423	0.875375520378	0.844982397624	0.832434379884	0.882855947425	0.794716612729	0.850015665655	0.720944190879	0.791286555352	0.800213290986	0.797273036027	0.802388324669	0.745303787001	0.747549634728	0.805562855385	0.83717366801	0.786450299388	0.777272402556	0.80572208629	0.764136717058	0.917018404558	0.754358731267	0.766427411645	0.795707498031	0.817713498615	0.851153154536	0.798342046475	0.692145585776	0.904033108642	0.865556965833	0.740081397012	0.742439210052	0.877867348161	0.846878134691	0.902758090071	0.840341713657	0.880335421922	0.77200171347	0.684072306541	0.844490511966	0.870799100083	0.870853287073	0.815198040878	0.872356816696	0.778757799986	0.798558610794	0.745562741344	0.866823344199	0.813145148846	0.820538803154	0.824615515789	0.689116023851	0.888876693813	0.882729154152	0.956507853285	0.852841519015	0.746497943636	0.840508527542	0.825639305087	0.832989824401	0.799801034235	0.751793447301	0.888890041962	0.787245271619	0.815461393284	0.849447736322	0.840108446052	0.810443899738	0.826616120774	0.867307023953	0.791695307438	0.883600233789	0.902785617962	0.787888194392
Italy.Root.Sw.It15.1.ITS1o	0.629371465404	0.662934179884	0.732191044815	0.730510247958	0.753201612005	0.0	0.610391170735	0.707197937904	0.706786790088	0.648169983506	0.725565805726	0.669650810535	0.661878839057	0.673418927739	0.677200172106	0.707656926379	0.5941815109	0.629046005067	0.721190884133	0.668776322619	0.665843258814	0.731495103251	0.646818578349	0.632979560757	0.675553832276	0.656204428193	0.605765898094	0.702868004537	0.570683818813	0.594472141947	0.727912471991	0.66889027677	0.795826406703	0.724924201027	0.744649353056	0.615292346825	0.668028087909	0.672458457936	0.662930549942	0.686590898729	0.610162997588	0.645477585596	0.571072110092	0.691707405239	0.676985226717	0.719117617819	0.708177692979	0.662434362268	0.627387219571	0.626328092298	0.709519837233	0.705718789934	0.635190164888	0.714305284373	0.698333011152	0.526859248616	0.785260505245	0.795661333156	0.684748559287	0.651899511714	0.59037901831	0.760634085046	0.774149303104	0.738261871848	0.757100236214	0.755478457537	0.714018643281	0.703377683141	0.775894058001	0.775963385879	0.758753315407	0.758195128598	0.771373997423	0.64818148413	0.745624077862	0.694590459785	0.719624851608	0.589994408268	0.639203187549	0.800361755715	0.626226295472	0.687903193333	0.677065015708	0.589049929765	0.831802396275	0.70826152746	0.661144908682	0.740481547525	0.622688531146	0.75610554002	0.867190652947	0.607894723165	0.585044451734	0.625229340207	0.692892550383	0.627573186539	0.693501265377	0.680502830728	0.619524895664	0.715707717456	0.724481885212	0.67524072084	0.677769147856	0.775423895365	0.782024089792	0.650464942098	0.777670252366	0.729477908509	0.692406205546	0.836500211308	0.716563975887	0.748579244423	0.670343306365	0.782179558328	0.709750463068	0.65304337079	0.767945979576	0.719934461598	0.687786701662	0.814264349802	0.637438851561	0.781233019535	0.811125687561	0.803816652156	0.78132540302	0.703987960081	0.713178843334	0.734230352662	0.771002028407	0.712935362831	0.763184495292	0.716191429515	0.725576101899	0.693930518375	0.797984342686	0.682889077147	0.792234774573	0.789813783919	0.706318865252	0.750636484392	0.810960063528	0.820557025434	0.764533208534	0.65079988819
Italy.Soil.Sw.Sw47.1.ITS1o	0.777438571832	0.596756200072	0.749189517106	0.73646188364	0.771213762269	0.610391170735	0.0	0.628212805569	0.644936279366	0.658337373662	0.799233798579	0.682704502325	0.665858953643	0.75720358475	0.678266075447	0.572966859962	0.578952923337	0.719056202193	0.705600610513	0.704116573856	0.738983650423	0.678945461296	0.663410756154	0.593039371447	0.685860080193	0.644292875919	0.657147652177	0.74198509057	0.757983111524	0.589430794061	0.651429633587	0.739048752439	0.795529892864	0.64610397061	0.704695167728	0.653623852138	0.821610235965	0.725546048583	0.645801213503	0.672912257232	0.559659679886	0.634761641846	0.610740052821	0.721968457867	0.730195344421	0.691281059003	0.585062619354	0.713088617058	0.689561346757	0.704435874621	0.704795255085	0.76381467608	0.615704420616	0.724673404489	0.662738923903	0.806725564717	0.700672543287	0.787858932514	0.660230633541	0.606364171626	0.623404100384	0.832418567077	0.844131878066	0.670427712891	0.625639382944	0.824529429748	0.644732981933	0.700356837335	0.704850185518	0.689648002698	0.728984748696	0.803112456385	0.889834872629	0.839395188518	0.838170932819	0.681046923821	0.768532390196	0.687806275066	0.774384444432	0.833062918894	0.709027268884	0.748763763167	0.733112597565	0.523338429644	0.819685602339	0.801044485451	0.729240214751	0.801722410353	0.742040968181	0.86135918828	0.836046487058	0.712940862856	0.724993407605	0.706437583354	0.847742081622	0.77842217236	0.663709312459	0.741698790183	0.697231865347	0.73652513935	0.841636270837	0.759748831142	0.81009321941	0.762206488042	0.883738379291	0.729103544806	0.863348621925	0.802561073329	0.696391825387	0.910714906795	0.860134527074	0.827943532315	0.697603872778	0.858539618204	0.862317484427	0.796052399237	0.766940194232	0.780678323992	0.737185949937	0.838297002189	0.783995315446	0.797454821743	0.914723038564	0.812384388572	0.862137486946	0.707666774498	0.766790938083	0.715149010849	0.810708619083	0.789847916164	0.716564114818	0.786670811528	0.735106617594	0.832006057319	0.861697893888	0.807421673755	0.870395245244	0.799103204827	0.670145262498	0.854860962679	0.75257257018	0.857142152663	0.857541686899	0.816096282481
Italy.Soil.Sw.It15.3.ITS1o	0.67920582725	0.559069120303	0.654548268282	0.728304454679	0.699059156485	0.707197937904	0.628212805569	0.0	0.604518876673	0.6466562818	0.695217861575	0.611579346294	0.545693487343	0.775178203197	0.679911730198	0.584414779917	0.594572973538	0.688899049985	0.740415045703	0.669306225826	0.780609172943	0.703594115225	0.588382624471	0.656386636618	0.738625450102	0.535747015643	0.588840358426	0.706820016835	0.650716360447	0.555668139747	0.627113613045	0.701918527206	0.763768496011	0.654454424824	0.716710470406	0.671303354125	0.804485100258	0.695377195809	0.647675782677	0.611733858391	0.689210534902	0.638439349538	0.592300586602	0.627208002029	0.685324079671	0.694055453224	0.539644078303	0.602747078356	0.684478658761	0.670912048992	0.593193824277	0.611935053301	0.611207112956	0.616002390459	0.660857945345	0.781197027755	0.631811951373	0.730799423091	0.597451603297	0.572746495923	0.620430353466	0.751510287276	0.766458025596	0.658749542817	0.62748955378	0.787401565644	0.609590615633	0.609642553774	0.672310530581	0.610602640242	0.675463100133	0.819028919494	0.821522201819	0.769729257692	0.837228690453	0.726618122213	0.714902729103	0.72186054509	0.780206496097	0.552983050984	0.674225535956	0.728566105109	0.565797116916	0.634760751867	0.785223502396	0.71309390668	0.681887576942	0.702973532221	0.757284051251	0.82866451743	0.809476714624	0.675484490258	0.638901934321	0.750801528493	0.797491032042	0.765001445655	0.664782710463	0.607340760123	0.816369805032	0.716084600222	0.754722018949	0.622402459358	0.688085067184	0.733552752828	0.819291361623	0.687195338291	0.788673663672	0.794687075306	0.682940489833	0.829028180572	0.831639459503	0.873189218376	0.75579712938	0.832316099521	0.713565515597	0.752051110107	0.705336931632	0.749300830717	0.693414699061	0.751294606228	0.782205468463	0.735185625399	0.799625854695	0.792281431035	0.825054188733	0.740161668434	0.719260317177	0.718303478699	0.667863923012	0.814341349525	0.696058798353	0.735722477646	0.726475889754	0.777799684723	0.758917189635	0.746806313863	0.809785299943	0.77024762521	0.661672734829	0.781359443009	0.705733868579	0.869341086273	0.816659935401	0.774998753688
Italy.Soil.Sw.It41.1.ITS1o	0.673092219015	0.528992879131	0.661050266222	0.65432635194	0.715454226997	0.706786790088	0.644936279366	0.604518876673	0.0	0.569753292743	0.745232452196	0.57772829529	0.477937779619	0.759041034379	0.546263716928	0.587289295084	0.583832596045	0.592726083964	0.625163962249	0.518188479551	0.787929814768	0.596903169056	0.59233077605	0.530242489743	0.711133801484	0.629046761952	0.666552185024	0.743666840695	0.696924827794	0.509607291114	0.541590408817	0.670657935301	0.754034969158	0.661530582562	0.641313990248	0.628262019326	0.803492589138	0.501983310912	0.560336592156	0.627707614682	0.532419377056	0.632664085528	0.579618643207	0.600272567786	0.535726575059	0.611986419649	0.481692922079	0.546438330479	0.644546336691	0.608306185144	0.534554061234	0.655155360017	0.513254649427	0.58661699438	0.625528374791	0.737404621945	0.590725307644	0.645023649357	0.539676315122	0.547452640292	0.501011126542	0.720642853287	0.795927779651	0.58076539088	0.583086268838	0.766455330567	0.604917421037	0.5226192568	0.523698109945	0.602088691156	0.593937702121	0.798675603267	0.781539668697	0.736692186961	0.718159135237	0.632230933553	0.556018535233	0.677667185173	0.730526417915	0.79498200576	0.631245834214	0.634357396889	0.579147768884	0.628923045201	0.786811726601	0.682251605642	0.653573713304	0.713044397092	0.668858410147	0.769273295603	0.72243738811	0.583323486575	0.622022397237	0.639028706196	0.693419909428	0.719593157273	0.565648670973	0.581356960083	0.783005562616	0.676002007663	0.796225072088	0.733619385859	0.729746078051	0.708960802116	0.794970410075	0.68241131993	0.753641726974	0.747643735401	0.716175159491	0.839928963273	0.752338698719	0.768797617094	0.719032686682	0.811940398516	0.735326898733	0.687006588698	0.674548487736	0.789100157939	0.701064780309	0.75845554615	0.6661997146	0.69759902364	0.817725581167	0.777622993322	0.784518118694	0.686562290227	0.62572211768	0.639840670345	0.717216199085	0.769923798813	0.661104448171	0.600910336174	0.715361231597	0.741329097446	0.745225455657	0.711069478311	0.63585446629	0.7480915839	0.698527487323	0.741488121028	0.588970287259	0.805028364895	0.782781998064	0.731945221572
Italy.Soil.Sw.It24.1.ITS1o	0.707788995958	0.522768022013	0.734890707393	0.717727695191	0.776384635592	0.648169983506	0.658337373662	0.6466562818	0.569753292743	0.0	0.780641667596	0.574634763431	0.662575805377	0.782556693018	0.658576575953	0.572180156123	0.651600418342	0.683132650693	0.682085320196	0.713758148771	0.676008187194	0.721144761476	0.574994457215	0.5659778757	0.644721467105	0.667880807432	0.696001028119	0.707752160123	0.555178445259	0.580634784412	0.684437415059	0.640248997231	0.77467235528	0.643897737222	0.739510535558	0.666022186505	0.743199516567	0.690854287046	0.648192851669	0.60388855308	0.643818862685	0.733407219594	0.639489673059	0.693463398354	0.697908334913	0.744443835843	0.538348274819	0.623578618379	0.613587561783	0.677479103516	0.711759444113	0.700537546449	0.579504574975	0.653751451905	0.687420044015	0.772889260161	0.612935029648	0.756209779734	0.681599251466	0.488492156049	0.661634410077	0.691695512436	0.769037907563	0.737716381773	0.697980873684	0.766586394836	0.607776205736	0.629780185296	0.687726487677	0.607567459295	0.60832819565	0.800283550569	0.818949728103	0.771389627254	0.811199368416	0.6927216617	0.707068974409	0.652898931164	0.72882850132	0.834504901189	0.676490448464	0.717012908744	0.65415158827	0.710001126205	0.859115466046	0.766150682584	0.698304385605	0.696389810268	0.783133321467	0.868426293168	0.774310785259	0.657089859563	0.533107090766	0.724466143311	0.760256193836	0.698957957355	0.694940156573	0.721497764041	0.841157564057	0.729879825174	0.800556819686	0.747544293273	0.773564610411	0.791075679613	0.845703216408	0.655131013676	0.766551569191	0.734042098951	0.700973764301	0.769327092306	0.8394846894	0.801550568247	0.735360333174	0.824874803564	0.803704414095	0.741602980541	0.693702959983	0.839231246463	0.674758884783	0.768177140405	0.788175434755	0.781832089818	0.785381929049	0.793386964093	0.830471335763	0.74276440122	0.684543623812	0.721204443715	0.783660167569	0.814788323294	0.654604469952	0.614629663604	0.741050254678	0.766874766594	0.836107059611	0.721894796102	0.770463660651	0.727444093027	0.700910710038	0.755898329925	0.745551629304	0.823535984354	0.845790481837	0.761329112376
Italy.Root.Sw.Sw47.3.ITS1o	0.744050491826	0.772726129	0.832713275437	0.730307035597	0.671570176677	0.725565805726	0.799233798579	0.695217861575	0.745232452196	0.780641667596	0.0	0.679712517917	0.778139266689	0.760305815536	0.744241958937	0.754360219992	0.727109900204	0.717895971105	0.730835577989	0.716728097455	0.816543444026	0.813980405433	0.796332024263	0.779525142531	0.710951266501	0.794776766103	0.736489682956	0.799565042465	0.759107400397	0.775775161027	0.652466719024	0.7558337926	0.706935727812	0.855708170326	0.790264451425	0.627299921789	0.656265521613	0.697557538378	0.692598362114	0.74961207002	0.766837706119	0.754478606421	0.589065960471	0.690980306138	0.685233444308	0.689813235614	0.765855719178	0.720195391894	0.775996126165	0.671706182819	0.730473917802	0.654315183268	0.740385465881	0.701385886781	0.705869838292	0.759114083319	0.789746804155	0.786170174002	0.756384148914	0.781676301469	0.766295000782	0.667305682273	0.76109584106	0.685289482201	0.732560898953	0.74287206544	0.724848311877	0.712287705468	0.708753465691	0.750053367391	0.717615448083	0.728655744158	0.781210981764	0.659174128633	0.815009190903	0.698641600588	0.726407419721	0.704976762675	0.70170352215	0.723615757202	0.653222208505	0.749250003464	0.662228829337	0.672476776578	0.787534956998	0.626517330254	0.640973130957	0.767550042409	0.71307467342	0.629544246489	0.753085024972	0.681875874003	0.628297584625	0.699228776654	0.826604176726	0.765177336205	0.729342997343	0.736681427358	0.736338452313	0.726406964263	0.778205499479	0.69568244664	0.608944956343	0.772275131418	0.686137303292	0.671930521693	0.712588658292	0.723040460192	0.547471975217	0.714995735505	0.649691132837	0.707534902306	0.714603660979	0.7121817284	0.752185930105	0.617145199683	0.712955388526	0.680574886822	0.726187071792	0.657236756901	0.725551017476	0.631174339108	0.718149154716	0.743354298131	0.754820333762	0.600018092565	0.711613486564	0.701912864769	0.790549632995	0.660794241743	0.751861202374	0.713866457878	0.741744542849	0.69259998242	0.685095465896	0.705560530546	0.649519549319	0.674881966648	0.659388123081	0.787930999361	0.772124717636	0.749386813408	0.689918024075	0.69334750897
Italy.Soil.It.Sw43.1.ITS1o	0.593063195442	0.607726049473	0.635062412608	0.690691603809	0.695985063646	0.669650810535	0.682704502325	0.611579346294	0.57772829529	0.574634763431	0.679712517917	0.0	0.690964247146	0.755761009488	0.56252738401	0.623667409569	0.690047456857	0.654573552425	0.655799360583	0.628237929645	0.789940656466	0.617381452896	0.717571460624	0.647457299464	0.658744813463	0.636173956917	0.528440591592	0.679372505689	0.714055152767	0.665370564562	0.58187430368	0.687587259598	0.726713230664	0.66847305594	0.623875567691	0.589916787318	0.74884086359	0.628839766522	0.582112317293	0.725394939186	0.5879409296	0.682781891801	0.530760220182	0.551775293637	0.572498256065	0.615894908512	0.629004963732	0.549929507766	0.577382711543	0.603464267118	0.557380484982	0.548855864726	0.556718071405	0.602428925346	0.67847974036	0.750325171605	0.670559313738	0.747682665295	0.593318872017	0.593285187952	0.691588816028	0.734142801478	0.746685360182	0.618686523477	0.615335734272	0.713662129001	0.641490103042	0.621929638038	0.646483000869	0.726936541726	0.591904129718	0.783549819816	0.80018253658	0.761490473944	0.745487090032	0.727627322654	0.695503424029	0.57072034577	0.665477792302	0.759667573817	0.549182279853	0.67775780206	0.43070755275	0.609639327226	0.766819358735	0.661017236358	0.556179180923	0.736471433687	0.676068547504	0.817274621745	0.787431187634	0.58296791832	0.574864769937	0.678673257581	0.776019600837	0.710165314667	0.643918338425	0.554753416212	0.711073525311	0.575935829825	0.825531699479	0.656756294558	0.72008605746	0.688152309718	0.823100109556	0.710274835334	0.740267402825	0.759612617036	0.683597033451	0.797184204768	0.780305059918	0.78691853173	0.76632285732	0.815863857403	0.742325268771	0.72430826433	0.727398644416	0.804377915592	0.710857152724	0.744385372603	0.739063754395	0.723108425043	0.796152906796	0.764689681376	0.754332844353	0.707722311671	0.690078336034	0.701704621972	0.662903941543	0.765701043939	0.70180967209	0.624522534693	0.704522956239	0.792334152334	0.775657577562	0.754563699104	0.743641977818	0.733462459904	0.696164077071	0.733891844094	0.667122150319	0.862394271738	0.799788807116	0.722516459064
Italy.Soil.Sw.It41.2.ITS1o	0.713111120586	0.509135620578	0.642720454195	0.733496227072	0.817813370125	0.661878839057	0.665858953643	0.545693487343	0.477937779619	0.662575805377	0.778139266689	0.690964247146	0.0	0.787289084746	0.588064761641	0.590486034996	0.604804874642	0.651617391908	0.672226066885	0.480783885994	0.777642183633	0.638542644351	0.522467413249	0.596425217294	0.683872369567	0.609057534342	0.66887225216	0.763370935084	0.665755637251	0.488164415835	0.616891408337	0.693224402124	0.774072478247	0.621877438133	0.660962675205	0.639904249537	0.784633459185	0.601629290931	0.611229385975	0.590287895958	0.611407332982	0.645852632861	0.542907857041	0.651743955716	0.559863023651	0.677229062618	0.511114545072	0.612571754296	0.656106656808	0.607032667588	0.624369608627	0.635446010924	0.56690154168	0.581245190477	0.664195153892	0.767946914738	0.687935065348	0.700099891751	0.507255413384	0.64374781904	0.516614772278	0.753257857803	0.805756298223	0.65918022466	0.694724455245	0.814942520452	0.621870720122	0.548048941199	0.621676539944	0.594808656993	0.710357118781	0.86463080886	0.768196037196	0.730467923887	0.768351832115	0.72518828116	0.615108493949	0.718766777103	0.756183566426	0.718594756002	0.698826133677	0.665138511611	0.626864243114	0.627763901939	0.789830133572	0.676165780033	0.663284340188	0.75620095663	0.65316776791	0.79620069707	0.778547431675	0.68462501277	0.676562130633	0.700879991582	0.757685953925	0.709364325598	0.651101522232	0.700305614189	0.799120703327	0.725254432223	0.763339072999	0.731510405303	0.710355021147	0.700041548349	0.76141673737	0.703056408027	0.773270453337	0.806867525726	0.733525745773	0.845072860574	0.805651348103	0.764236661426	0.731925442316	0.829757245297	0.760244536382	0.683269085561	0.731996319186	0.791507787784	0.668833747393	0.809707286564	0.744070408476	0.758508035296	0.8171830604	0.748389531958	0.859598772733	0.75286919798	0.720622401129	0.683265910376	0.762136557493	0.82953856778	0.738040208191	0.662581985673	0.71824238947	0.744556419734	0.803346839746	0.717195195981	0.762213565262	0.811680908939	0.717995721439	0.757994528671	0.747168066227	0.872397333825	0.830168814864	0.734333460464
Italy.Root.Sw.It32.3.ITS1o	0.786614254539	0.662650106811	0.756351234021	0.635127132867	0.729207082519	0.673418927739	0.75720358475	0.775178203197	0.759041034379	0.782556693018	0.760305815536	0.755761009488	0.787289084746	0.0	0.767518381651	0.676167219325	0.714090349763	0.754704589795	0.755249883059	0.748502899151	0.786215974925	0.740412356226	0.74672498144	0.722340597839	0.665166118921	0.724479202227	0.633478650107	0.709311042981	0.803135386344	0.768968647502	0.794758680774	0.798860422532	0.732708191166	0.68974772117	0.768648242168	0.715992897694	0.659226792801	0.758647540693	0.749668748991	0.780156389274	0.632045916299	0.681329957916	0.700948445292	0.749036731481	0.701221395986	0.790489350681	0.770005405131	0.761511925428	0.634355402073	0.731402097376	0.787377222473	0.674088870179	0.69488382027	0.803559976817	0.73661076126	0.706934830874	0.746010381655	0.821745704125	0.783536956591	0.725999832916	0.830111679995	0.819543500424	0.840668612863	0.706046537168	0.716742268634	0.734269184639	0.726170115005	0.767337421552	0.773985100501	0.819867037309	0.73327664803	0.71565420246	0.866285844581	0.806883077762	0.864975412444	0.609520665782	0.820200281135	0.694743548059	0.751214589954	0.765601994992	0.701024325179	0.81565614445	0.682803100361	0.701108002252	0.79485714181	0.727397400638	0.638154764425	0.720593992607	0.757874651954	0.834985029295	0.841696165909	0.718911902009	0.743261144586	0.660156235844	0.846820415725	0.802898670601	0.715872528072	0.661953869031	0.642858019459	0.740840775317	0.822741597983	0.602334302604	0.777091166288	0.764304293383	0.797175594584	0.729333172676	0.830473987483	0.679649612544	0.753477427679	0.830622472631	0.788694029881	0.775189253598	0.710594959407	0.761379727765	0.790436019751	0.798256289356	0.651735117188	0.736774094778	0.694550188652	0.797883875522	0.685106063644	0.751975919808	0.82256425011	0.873463804036	0.899957482141	0.747504811946	0.728087874324	0.80234539384	0.718723346909	0.719887884518	0.797885387811	0.754479437956	0.779308716451	0.743742667985	0.726210292489	0.763070003451	0.806329153969	0.754265862179	0.756376722932	0.846410387418	0.74436227697	0.705369906576	0.791797200657	0.691242051825
Italy.Soil.It.It15.2.ITS1o	0.626549123155	0.589111459271	0.598412409349	0.674322685843	0.775188266928	0.677200172106	0.678266075447	0.679911730198	0.546263716928	0.658576575953	0.744241958937	0.56252738401	0.588064761641	0.767518381651	0.0	0.604906698088	0.632679956524	0.605863779295	0.567354639743	0.504752564414	0.801136462769	0.517472314652	0.680400712263	0.613880097732	0.671041723356	0.625656102181	0.6397998414	0.743459266129	0.692453830529	0.64372099887	0.554355116964	0.753184807678	0.760124745987	0.685537233923	0.544365613541	0.639180486262	0.810936505419	0.517178613197	0.491214309907	0.674697943555	0.615926188246	0.680480286697	0.573065033377	0.452248538335	0.553138912472	0.522458317197	0.650959412209	0.597317783227	0.643303547458	0.538253999004	0.514190758272	0.591740168873	0.501329650509	0.532558751086	0.694141338883	0.751940327528	0.609062305284	0.642098229156	0.471771183381	0.609828291959	0.636953078687	0.750505145802	0.838736955763	0.560531359526	0.623668167249	0.70290799293	0.684998040599	0.616294421926	0.519304695432	0.653311325952	0.568681403667	0.779172057438	0.836024539488	0.806368825761	0.761736501516	0.738231530148	0.591340150184	0.60941518036	0.669570585325	0.684886121043	0.574751048783	0.666372395401	0.602204349397	0.660716107895	0.686362138233	0.707212207112	0.565196869786	0.705888145009	0.656378172684	0.829495574371	0.768180273619	0.598373058248	0.573473433477	0.609619499536	0.800576048398	0.723504753958	0.571093364019	0.581311471647	0.654565331402	0.536817870473	0.840886035932	0.600429103743	0.729996362037	0.686720666389	0.702970347251	0.700709159724	0.742551846381	0.723555384291	0.743315985943	0.842337424612	0.751892088633	0.759953861074	0.75581131836	0.798604618652	0.810734059424	0.717717868226	0.68591147011	0.799877799986	0.726927216171	0.795693327794	0.721351617814	0.747609957437	0.853316151476	0.791877621638	0.729789740075	0.722342722562	0.674236135837	0.689874688809	0.712688907068	0.75823257173	0.724113973598	0.697052816182	0.745434145445	0.810189582098	0.769241935138	0.765905369459	0.755638489088	0.707598502829	0.715884636025	0.779709916098	0.703082431685	0.85481443201	0.795240672749	0.718994742148
Italy.Soil.Sw.It32.3.ITS1o	0.707413219347	0.499625560334	0.706443693956	0.6611473574	0.827723664054	0.707656926379	0.572966859962	0.584414779917	0.587289295084	0.572180156123	0.754360219992	0.623667409569	0.590486034996	0.676167219325	0.604906698088	0.0	0.586383085151	0.655902015238	0.673127899478	0.658087262928	0.770009756638	0.68644737467	0.605855442689	0.530434702411	0.674777158658	0.624612891279	0.589151170252	0.702412892473	0.69852538219	0.592549157638	0.687941753519	0.721749371729	0.761244022794	0.557019416382	0.638653650354	0.653204672418	0.77505944091	0.632567382269	0.65199376263	0.62709853736	0.571845731613	0.634368562022	0.633346878614	0.681100902539	0.64407577689	0.755168073408	0.529749806188	0.642531363128	0.602773896244	0.671198134342	0.664810663179	0.659888542798	0.478629437673	0.674194166574	0.616481928926	0.787373677235	0.620123033613	0.771456908113	0.631211969464	0.571905031067	0.628636885062	0.758404155622	0.769937107975	0.691229674852	0.665246079551	0.80302046419	0.533093879107	0.675302176515	0.63628440187	0.649078996123	0.629063701263	0.791465847513	0.860522389068	0.79642145911	0.770780451592	0.6880694045	0.73831004942	0.619954457002	0.70963462603	0.841932485031	0.673674299844	0.708524778733	0.666363994328	0.689548961113	0.795376350545	0.760327467425	0.72096419766	0.743049970379	0.702188314438	0.868685322043	0.762418480447	0.655990311701	0.651205779394	0.6676098004	0.795748588689	0.760636937147	0.626644300702	0.689090913382	0.752825189656	0.689408738524	0.826519738157	0.708984154696	0.746132774255	0.760996410228	0.846041923615	0.699794044718	0.805163019027	0.78093810852	0.750500598258	0.855776328468	0.808549618489	0.825503410612	0.757171110055	0.817157813232	0.830814458221	0.77366104367	0.748775013152	0.810431450423	0.706238447361	0.787967880473	0.722959890237	0.809034482083	0.855900917216	0.839324452596	0.823005293802	0.685857763381	0.70465879729	0.713813154073	0.776851232352	0.784823324097	0.693586494364	0.702793891421	0.767993450883	0.722249194683	0.804361388369	0.731436269305	0.801211336926	0.728207309155	0.652034951287	0.748111221804	0.765945979567	0.780814108331	0.807855225751	0.69109344532
