Italy.Root.It.It15.1.V5	Italy.Root.It.It15.2.V5	Italy.Root.It.It15.3.V5	Italy.Root.It.It24.1.V5	Italy.Root.It.It24.2.V5	Italy.Root.It.It24.3.V5	Italy.Root.It.It32.1.V5	Italy.Root.It.It32.2.V5	Italy.Root.It.It32.3.V5	Italy.Root.It.It41.1.V5	Italy.Root.It.It41.2.V5	Italy.Root.It.It41.3.V5	Italy.Root.It.Sw11.1.V5	Italy.Root.It.Sw11.2.V5	Italy.Root.It.Sw11.3.V5	Italy.Root.It.Sw43.1.V5	Italy.Root.It.Sw43.2.V5	Italy.Root.It.Sw43.3.V5	Italy.Root.It.Sw47.1.V5	Italy.Root.It.Sw47.2.V5	Italy.Root.It.Sw47.3.V5	Italy.Root.It.Sw7.1.V5	Italy.Root.It.Sw7.2.V5	Italy.Root.It.Sw7.3.V5	Italy.Root.Sw.It15.1.V5	Italy.Root.Sw.It15.2.V5	Italy.Root.Sw.It15.3.V5	Italy.Root.Sw.It24.1.V5	Italy.Root.Sw.It24.2.V5	Italy.Root.Sw.It24.3.V5	Italy.Root.Sw.It32.1.V5	Italy.Root.Sw.It32.2.V5	Italy.Root.Sw.It32.3.V5	Italy.Root.Sw.It41.1.V5	Italy.Root.Sw.It41.2.V5	Italy.Root.Sw.It41.3.V5	Italy.Root.Sw.Sw11.1.V5	Italy.Root.Sw.Sw11.3.V5	Italy.Root.Sw.Sw43.1.V5	Italy.Root.Sw.Sw43.2.V5	Italy.Root.Sw.Sw43.3.V5	Italy.Root.Sw.Sw47.1.V5	Italy.Root.Sw.Sw47.2.V5	Italy.Root.Sw.Sw47.3.V5	Italy.Root.Sw.Sw7.1.V5	Italy.Root.Sw.Sw7.2.V5	Italy.Root.Sw.Sw7.3.V5	Italy.Soil.It.It15.1.V5	Italy.Soil.It.It15.2.V5	Italy.Soil.It.It15.3.V5	Italy.Soil.It.It24.1.V5	Italy.Soil.It.It24.2.V5	Italy.Soil.It.It24.3.V5	Italy.Soil.It.It32.1.V5	Italy.Soil.It.It32.2.V5	Italy.Soil.It.It32.3.V5	Italy.Soil.It.It41.1.V5	Italy.Soil.It.It41.2.V5	Italy.Soil.It.It41.3.V5	Italy.Soil.It.Sw11.1.V5	Italy.Soil.It.Sw11.2.V5	Italy.Soil.It.Sw11.3.V5	Italy.Soil.It.Sw43.1.V5	Italy.Soil.It.Sw43.2.V5	Italy.Soil.It.Sw43.3.V5	Italy.Soil.It.Sw47.1.V5	Italy.Soil.It.Sw47.2.V5	Italy.Soil.It.Sw47.3.V5	Italy.Soil.It.Sw7.1.V5	Italy.Soil.It.Sw7.2.V5	Italy.Soil.It.Sw7.3.V5	Italy.Soil.Sw.It15.1.V5	Italy.Soil.Sw.It15.2.V5	Italy.Soil.Sw.It15.3.V5	Italy.Soil.Sw.It24.1.V5	Italy.Soil.Sw.It24.2.V5	Italy.Soil.Sw.It24.3.V5	Italy.Soil.Sw.It32.1.V5	Italy.Soil.Sw.It32.2.V5	Italy.Soil.Sw.It32.3.V5	Italy.Soil.Sw.It41.1.V5	Italy.Soil.Sw.It41.2.V5	Italy.Soil.Sw.It41.3.V5	Italy.Soil.Sw.Sw11.1.V5	Italy.Soil.Sw.Sw11.2.V5	Italy.Soil.Sw.Sw11.3.V5	Italy.Soil.Sw.Sw43.1.V5	Italy.Soil.Sw.Sw43.2.V5	Italy.Soil.Sw.Sw43.3.V5	Italy.Soil.Sw.Sw47.1.V5	Italy.Soil.Sw.Sw47.2.V5	Italy.Soil.Sw.Sw47.3.V5	Italy.Soil.Sw.Sw7.1.V5	Italy.Soil.Sw.Sw7.2.V5	Italy.Soil.Sw.Sw7.3.V5	Italy.Soil.Unplanted.Ita.1.V5	Italy.Soil.Unplanted.Ita.2.V5	Italy.Soil.Unplanted.Ita.3.V5	Italy.Soil.Unplanted.Swe1.V5	Italy.Soil.Unplanted.Swe2.V5	Italy.Soil.Unplanted.Swe3.V5	Sweden.DP.Soil.It.It.1.V5	Sweden.DP.Soil.It.It.2.V5	Sweden.DP.Soil.It.It.3.V5	Sweden.DP.Soil.It.Sw.1.V5	Sweden.DP.Soil.It.Sw.2.V5	Sweden.DP.Soil.It.Sw.3.V5	Sweden.DP.Soil.Sw.It.1.V5	Sweden.DP.Soil.Sw.It.2.V5	Sweden.DP.Soil.Sw.It.3.V5	Sweden.DP.Soil.Sw.Sw.1.V5	Sweden.DP.Soil.Sw.Sw.2.V5	Sweden.DP.Soil.Sw.Sw.3.V5	Sweden.Root.It.Sw.1.V5	Sweden.Root.It.Sw.2.V5	Sweden.Root.It.Sw.3.V5	Sweden.Root.It.Sw.4.V5	Sweden.Root.It.Sw.5.V5	Sweden.Root.It.Sw.6.V5	Sweden.Root.Sw.Sw.1.V5	Sweden.Root.Sw.Sw.2.V5	Sweden.Root.Sw.Sw.3.V5	Sweden.Root.Sw.Sw.4.V5	Sweden.Root.Sw.Sw.5.V5	Sweden.Root.Sw.Sw.6.V5	Sweden.Soil.It.Sw.1.V5	Sweden.Soil.It.Sw.2.V5	Sweden.Soil.It.Sw.3.V5	Sweden.Soil.It.Sw.4.V5	Sweden.Soil.It.Sw.5.V5	Sweden.Soil.It.Sw.6.V5	Sweden.Soil.Sw.Sw.1.V5	Sweden.Soil.Sw.Sw.2.V5	Sweden.Soil.Sw.Sw.3.V5	Sweden.Soil.Sw.Sw.4.V5	Sweden.Soil.Sw.Sw.5.V5	Sweden.Soil.Sw.Sw.6.V5	Sweden.Soil.Unplanted.It.1.V5	Sweden.Soil.Unplanted.It.2.V5	Sweden.Soil.Unplanted.It.3.V5	Sweden.Soil.Unplanted.Sw.1.V5	Sweden.Soil.Unplanted.Sw.2.V5	Sweden.Soil.Unplanted.Sw.3.V5
Italy.Root.It.It15.1.V5	0	0.18674544	0.199009539	0.197027863	0.168576505	0.19445233	0.223693206	0.200421186	0.30701353	0.239991933	0.236320168	0.229071699	0.208041039	0.241758029	0.252311517	0.233129745	0.291578367	0.221527061	0.213671484	0.228161435	0.240215443	0.255816666	0.256240605	0.227974648	0.396253076	0.40389694	0.382649131	0.417975535	0.418870984	0.424527216	0.4328797	0.410555646	0.436985656	0.422944025	0.434704722	0.418926866	0.450835637	0.408322862	0.447269962	0.453893804	0.438832465	0.450641249	0.434388109	0.402548532	0.421514435	0.420510757	0.434792328	0.357389815	0.381846033	0.385574215	0.362372553	0.357464447	0.36497724	0.375893078	0.392661297	0.368391897	0.354211267	0.349684652	0.382324202	0.374959221	0.408849571	0.39548723	0.37954677	0.377623722	0.401358784	0.388596564	0.395627774	0.420002623	0.369021654	0.379398665	0.405083779	0.550756711	0.510772923	0.484345231	0.577273722	0.542744778	0.575306577	0.564025629	0.514876792	0.566116325	0.588712263	0.564370049	0.556133127	0.528396897	0.619582047	0.519676522	0.523054906	0.566251386	0.583296042	0.527965359	0.54322366	0.510901353	0.50205872	0.566143885	0.507404726	0.441600687	0.425626201	0.462414847	0.616306917	0.630423127	0.600743239	0.459382343	0.44268745	0.43035758	0.447611183	0.477188149	0.47738891	0.619693197	0.580272147	0.619561046	0.588481303	0.572340229	0.599644515	0.436488069	0.401985845	0.416502684	0.438780909	0.400412153	0.423832429	0.520236461	0.583737543	0.548077095	0.549185234	0.53572195	0.565551605	0.446224459	0.469378781	0.448817206	0.460515192	0.443986098	0.474786488	0.610879086	0.574860512	0.583005536	0.594559241	0.609618711	0.616286859	0.467360191	0.488003144	0.469352328	0.622587855	0.636166416	0.60956712
Italy.Root.It.It15.2.V5	0.18674544	0	0.20867917	0.221223584	0.19131198	0.20839651	0.239075204	0.200360124	0.32444568	0.252906477	0.250077209	0.223556369	0.210565791	0.258565529	0.258537316	0.243768075	0.284484353	0.23149125	0.219924245	0.22756565	0.257428279	0.256867428	0.26552061	0.221666283	0.406617215	0.410945482	0.38733633	0.429145178	0.418487155	0.429977457	0.44145344	0.417265739	0.444028121	0.42323087	0.435353116	0.426746416	0.461380005	0.416382473	0.44871923	0.46062352	0.443074632	0.457365002	0.440691441	0.407732941	0.433428021	0.433806239	0.435603442	0.351798314	0.368296049	0.379045772	0.361879495	0.352766872	0.358518485	0.365456628	0.382468168	0.352955629	0.352388646	0.347846284	0.372303962	0.372592243	0.399484709	0.385780912	0.361918808	0.370186808	0.390402494	0.383690217	0.382653973	0.407757951	0.364934389	0.369838027	0.397142644	0.547427687	0.513815207	0.481661122	0.571585343	0.543113376	0.569455057	0.560090018	0.518923972	0.564830973	0.584671454	0.559828489	0.553803567	0.526373294	0.613619486	0.514574366	0.518863367	0.561816783	0.573822499	0.525609936	0.540922533	0.508864574	0.494259589	0.56087433	0.505761415	0.43788995	0.40848834	0.449499282	0.608093467	0.620073408	0.595460942	0.447513855	0.435565381	0.416208525	0.433701772	0.457896975	0.460191822	0.616887292	0.580431282	0.612058092	0.58529637	0.566031976	0.592494457	0.432570964	0.390241591	0.411805511	0.428497844	0.397155641	0.416566222	0.523182412	0.582609178	0.549208882	0.549387993	0.535199576	0.561060418	0.434272349	0.453369433	0.4371628	0.445086294	0.432275332	0.461930502	0.602574475	0.574364613	0.582573027	0.594435496	0.606827868	0.614615405	0.449799127	0.472780387	0.458165955	0.619431014	0.63013428	0.607564008
Italy.Root.It.It15.3.V5	0.199009539	0.20867917	0	0.213902723	0.195346259	0.217082732	0.261783502	0.196558126	0.292339774	0.279533885	0.254926164	0.242156611	0.206984661	0.229463735	0.229641251	0.233672208	0.274168061	0.199045202	0.241913523	0.222690985	0.221088338	0.258265972	0.268607313	0.212552821	0.431497908	0.424818323	0.405066824	0.448269492	0.44458806	0.459585288	0.448259614	0.436241979	0.457169413	0.447473313	0.445348492	0.450022019	0.48988489	0.446720462	0.465512176	0.459690003	0.458449856	0.480580107	0.460410422	0.43579963	0.438964804	0.445301528	0.444875103	0.348745158	0.369288139	0.361533087	0.347408496	0.339422075	0.344553596	0.350204803	0.371496624	0.342957665	0.341104099	0.341447077	0.353967593	0.357355248	0.388739924	0.369624343	0.364385121	0.351077108	0.376166604	0.36960254	0.370727601	0.392372152	0.351744472	0.359058967	0.377075044	0.567109043	0.525044921	0.491244825	0.59072284	0.555789891	0.587063998	0.571046043	0.521234068	0.58181823	0.602891211	0.572702899	0.573685375	0.536082656	0.624352303	0.528655725	0.530443626	0.572246404	0.588880996	0.538088387	0.553045145	0.520098643	0.506151587	0.577840573	0.514476511	0.410072241	0.387717644	0.423809917	0.607853724	0.622699865	0.611841454	0.434386607	0.414276314	0.402760365	0.415382583	0.450178531	0.440403586	0.619309622	0.587708986	0.614395311	0.594680449	0.581811483	0.605447806	0.390446457	0.357765309	0.377741258	0.397387283	0.357889044	0.383655461	0.541430283	0.585455618	0.555574224	0.559876539	0.543757076	0.566748648	0.416294768	0.435912184	0.417490008	0.427064027	0.41665052	0.444650758	0.621118751	0.584438055	0.589355958	0.603922929	0.610638478	0.62438642	0.441726893	0.455733418	0.436281974	0.628553903	0.630288959	0.609777983
Italy.Root.It.It24.1.V5	0.197027863	0.221223584	0.213902723	0	0.202349907	0.232139218	0.231462332	0.200727127	0.24969627	0.261750456	0.225799672	0.257486774	0.192810761	0.20797687	0.240215795	0.236535865	0.256221143	0.217608358	0.229637316	0.200555594	0.244325908	0.243211159	0.248696386	0.234530617	0.424240408	0.426963656	0.407456194	0.450461464	0.441162824	0.445491017	0.45057039	0.440927969	0.457241287	0.442494328	0.441137591	0.444445036	0.478677239	0.446595474	0.472902888	0.461355808	0.445998649	0.471370612	0.456690282	0.436819234	0.431516137	0.438523945	0.444869764	0.384867019	0.410911525	0.412332066	0.391762856	0.381230467	0.386622436	0.392181854	0.416947297	0.387883227	0.383382457	0.385422499	0.406431687	0.401083744	0.433872625	0.425131404	0.410282155	0.399353989	0.43199831	0.402667365	0.421380524	0.443996612	0.39849792	0.398634551	0.425748385	0.569448284	0.531241432	0.502337648	0.598176375	0.562506408	0.595790628	0.575300728	0.522465021	0.58806178	0.611338793	0.583486641	0.576715838	0.533560433	0.64073273	0.539650036	0.53553925	0.577357112	0.596345518	0.543859902	0.561558919	0.528836409	0.518119272	0.581706104	0.517116215	0.465379209	0.44215193	0.483856485	0.622079247	0.643761663	0.622122837	0.474721619	0.46378384	0.449011553	0.462665663	0.493829419	0.490395431	0.626942824	0.603869411	0.634635545	0.606190682	0.590813961	0.623538663	0.416476971	0.379217755	0.391171371	0.405606791	0.381043068	0.400919979	0.529259289	0.576682808	0.545341194	0.563248957	0.542335052	0.565035693	0.458982588	0.480521197	0.459799537	0.47253357	0.466735366	0.492648813	0.626709494	0.597443763	0.598695697	0.610167491	0.620815756	0.630176785	0.482172833	0.499386289	0.487570676	0.629283124	0.648450902	0.620775539
Italy.Root.It.It24.2.V5	0.168576505	0.19131198	0.195346259	0.202349907	0	0.183741288	0.218141504	0.193472111	0.325524816	0.255122375	0.230272976	0.21705954	0.224866679	0.247801168	0.26517871	0.23328444	0.294226063	0.220884763	0.213782133	0.238599028	0.247646575	0.248395462	0.264091505	0.202119015	0.388516025	0.409821589	0.378083485	0.418428747	0.412814539	0.421103617	0.441870893	0.40716418	0.435691582	0.418683412	0.430259263	0.420595681	0.464582375	0.406161514	0.451576453	0.461003932	0.438978769	0.456782519	0.435575173	0.411643289	0.420827812	0.421388721	0.435356628	0.332429518	0.350745213	0.360214439	0.338695556	0.331425407	0.338774984	0.347637906	0.358366574	0.346394734	0.332627498	0.328236155	0.353793553	0.348469756	0.377300336	0.370454594	0.346876624	0.346229844	0.376119172	0.370260136	0.365130849	0.39536373	0.338267704	0.35186691	0.374981689	0.545247126	0.502208005	0.475913328	0.567629806	0.536504947	0.567693807	0.558981724	0.507499255	0.558198042	0.586744478	0.560219041	0.553949204	0.513483085	0.614222788	0.507345462	0.516272737	0.564491608	0.574205315	0.521959813	0.537479288	0.502865574	0.492353085	0.556611042	0.497255915	0.406138823	0.39916935	0.431153622	0.603939565	0.616146136	0.5900727	0.431371647	0.413891387	0.397606965	0.410972616	0.443566927	0.44286207	0.613050521	0.573705442	0.608552107	0.584510236	0.566799107	0.593505345	0.428042431	0.383002123	0.398467988	0.421488792	0.382779923	0.394483551	0.525529678	0.591239916	0.548977205	0.552403734	0.532952007	0.567761048	0.413244712	0.43635437	0.418182542	0.430952736	0.413783231	0.448320152	0.608322238	0.572532498	0.580908115	0.588709757	0.603853769	0.617733823	0.437767641	0.452244834	0.442267376	0.623619456	0.632873764	0.611059407
Italy.Root.It.It24.3.V5	0.19445233	0.20839651	0.217082732	0.232139218	0.183741288	0	0.230137805	0.210311292	0.345918104	0.252042102	0.261660428	0.192891717	0.232721908	0.265338648	0.283045705	0.220985535	0.285967135	0.233479978	0.220623623	0.240305361	0.244748892	0.246606894	0.239874593	0.196539165	0.395716835	0.409556096	0.371655152	0.423950086	0.411545834	0.422332223	0.44366907	0.404734081	0.438811198	0.411685058	0.433744532	0.413700726	0.454469381	0.404589645	0.453217424	0.467427468	0.44551953	0.453466521	0.446442214	0.395717366	0.428266508	0.425809922	0.440444053	0.355342569	0.379675751	0.38589593	0.361593656	0.359219768	0.362706037	0.367325267	0.376745607	0.354502226	0.349866837	0.344871729	0.365278155	0.364542447	0.395777405	0.39681567	0.362156678	0.36425724	0.384057672	0.378101676	0.37900034	0.405872813	0.360111246	0.370135406	0.393668824	0.555233286	0.519861974	0.480706542	0.577612119	0.548669107	0.575804725	0.571959095	0.526046471	0.565934834	0.585666828	0.565415081	0.560753051	0.532735185	0.616821104	0.521254855	0.531023867	0.572764164	0.585333678	0.529884825	0.5527947	0.514722203	0.507494447	0.567506553	0.514727997	0.430176136	0.418509349	0.450780092	0.613670201	0.632114094	0.595163304	0.460221016	0.436241951	0.423458145	0.43833419	0.467342953	0.460882471	0.615511311	0.578433335	0.613434222	0.585588697	0.56895021	0.594463682	0.436718199	0.391492533	0.428067964	0.445539539	0.395749529	0.420866169	0.528390188	0.584505708	0.547078524	0.552647683	0.539482185	0.576646085	0.438323689	0.455629447	0.439355247	0.455460118	0.43084825	0.46645546	0.606032531	0.572366895	0.583390557	0.589549517	0.608494178	0.61597041	0.461315299	0.472639078	0.466606961	0.627273284	0.637871102	0.613723703
Italy.Root.It.It32.1.V5	0.223693206	0.239075204	0.261783502	0.231462332	0.218141504	0.230137805	0	0.223061756	0.312504824	0.229017234	0.248154237	0.234797373	0.246369226	0.277193413	0.311999828	0.246233442	0.304865025	0.252566114	0.242046522	0.256615883	0.268889947	0.25627202	0.2503209	0.257864239	0.415230856	0.428618608	0.395913885	0.422753093	0.428231156	0.436642288	0.46010205	0.428227512	0.442866251	0.425584659	0.437411472	0.426458407	0.464154177	0.41825377	0.458867963	0.480081857	0.459249129	0.4756918	0.457264227	0.410953589	0.437832699	0.433315455	0.452138306	0.396400194	0.422750149	0.428272341	0.398645646	0.400128453	0.403507818	0.414297231	0.423866636	0.401224116	0.398665746	0.379732189	0.413895712	0.410944975	0.446130791	0.438806223	0.402940534	0.410293526	0.448061411	0.417711195	0.430504924	0.446223799	0.399883534	0.405982621	0.440669398	0.56928897	0.54012659	0.50167316	0.587364943	0.556547886	0.586561603	0.578668855	0.540928813	0.583049328	0.597078354	0.577570402	0.571141469	0.542159394	0.630511277	0.535955943	0.545351274	0.579655227	0.594345679	0.54309017	0.564869761	0.527659037	0.516601043	0.577279131	0.535995451	0.481952629	0.46873008	0.500646118	0.621415957	0.636513847	0.607023235	0.499609494	0.481697128	0.479750789	0.482679324	0.508461806	0.507673192	0.624542299	0.591158265	0.626356517	0.604830348	0.578795975	0.614984075	0.449694365	0.428829463	0.445927922	0.459418716	0.423038983	0.436563523	0.545564501	0.590183246	0.559735479	0.564400731	0.552629544	0.569998595	0.486316062	0.503570969	0.483244028	0.495043385	0.478886167	0.512758684	0.621028988	0.589994844	0.591428409	0.606481924	0.618153034	0.627841622	0.504235996	0.518224981	0.504507969	0.635557825	0.645075372	0.621302535
Italy.Root.It.It32.2.V5	0.200421186	0.200360124	0.196558126	0.200727127	0.193472111	0.210311292	0.223061756	0	0.287705278	0.251552932	0.241879975	0.225033051	0.201153175	0.222868235	0.256334355	0.237373815	0.278911004	0.227860528	0.234466011	0.224323351	0.23896209	0.247492922	0.249065173	0.227746463	0.440116957	0.438470964	0.421746094	0.453207349	0.453752513	0.463201844	0.470783071	0.452942584	0.470509291	0.456317196	0.457557759	0.459490735	0.495680679	0.442804781	0.479201936	0.489764808	0.479253702	0.489858128	0.470299376	0.436800135	0.456335403	0.454356349	0.469531969	0.363732421	0.387344212	0.386206609	0.363006773	0.352548239	0.368434306	0.376859985	0.382820504	0.361940587	0.355905079	0.352784176	0.370735595	0.369277176	0.409159841	0.398806258	0.375032902	0.379078216	0.404373499	0.379134639	0.38883537	0.41767413	0.367527574	0.372826753	0.403458956	0.580876948	0.538874211	0.509161728	0.603547274	0.563803393	0.600706339	0.587092583	0.534456117	0.591120757	0.610925995	0.584956806	0.578622073	0.548052907	0.646137811	0.545336359	0.551626524	0.589845176	0.599978399	0.552071782	0.572667116	0.529195434	0.516643477	0.584465716	0.527255241	0.447739942	0.42131276	0.456910244	0.629668542	0.643103853	0.613695332	0.470142675	0.452963058	0.437776131	0.456501172	0.478493672	0.480827049	0.637608724	0.603260563	0.63612234	0.613065101	0.595308175	0.626425786	0.435742605	0.391025333	0.40964503	0.433428723	0.396237182	0.420384261	0.55804433	0.604418839	0.564193929	0.584664104	0.569688831	0.591966018	0.448612505	0.471437519	0.448783808	0.463190453	0.446586145	0.479118098	0.635409642	0.601086938	0.608559484	0.61915665	0.626946383	0.64572859	0.475720059	0.490653499	0.476854684	0.643021586	0.656865768	0.636592395
Italy.Root.It.It32.3.V5	0.30701353	0.32444568	0.292339774	0.24969627	0.325524816	0.345918104	0.312504824	0.287705278	0	0.349221369	0.27948501	0.341314862	0.289917841	0.252756477	0.262212525	0.31283378	0.311778711	0.282004591	0.330449606	0.271819323	0.304234074	0.324099625	0.325182281	0.308838405	0.467781004	0.446360258	0.450002189	0.475224145	0.491356174	0.480922207	0.466953969	0.468311359	0.484191409	0.470880056	0.459543563	0.482240108	0.506043914	0.481062607	0.490836204	0.470323889	0.471723632	0.496905226	0.484676358	0.472261378	0.439604099	0.457754361	0.45775148	0.459684134	0.467363665	0.467599652	0.454473151	0.437097297	0.444814364	0.453327457	0.477795509	0.44511138	0.437262061	0.444058893	0.454165067	0.465184043	0.492840851	0.465573656	0.473412637	0.460033795	0.484264777	0.452057546	0.474671323	0.484227669	0.465734097	0.465967864	0.464312216	0.59634856	0.55875631	0.532689467	0.620713175	0.580282191	0.618180096	0.592199424	0.541462736	0.606481918	0.619599536	0.60461828	0.596040881	0.558606457	0.65557388	0.558141249	0.552077219	0.592353318	0.609536242	0.567708417	0.578321893	0.549066133	0.535679822	0.602659859	0.538457843	0.519470384	0.483254848	0.512646381	0.634533982	0.641869235	0.645458909	0.511304178	0.502083764	0.48771413	0.5135549	0.532049547	0.524904346	0.636786012	0.618770032	0.645601233	0.617691998	0.613029483	0.63673172	0.40253587	0.386741899	0.384821686	0.397648575	0.384565805	0.40257506	0.549892695	0.567632736	0.55943552	0.577778018	0.556808424	0.562431887	0.498665662	0.522696273	0.494844016	0.50270265	0.502669851	0.525656504	0.640453367	0.611783134	0.613489181	0.628429025	0.631997195	0.636546056	0.532298241	0.540517704	0.527852549	0.631902494	0.644649092	0.622443579
Italy.Root.It.It41.1.V5	0.239991933	0.252906477	0.279533885	0.261750456	0.255122375	0.252042102	0.229017234	0.251552932	0.349221369	0	0.276170654	0.234807248	0.247943458	0.272865467	0.324995571	0.26846542	0.286411058	0.26338953	0.263231798	0.267549983	0.270816725	0.270518291	0.239832376	0.282164328	0.456420104	0.467273706	0.434887251	0.478573518	0.471646442	0.469891222	0.505205253	0.465654517	0.47972788	0.466931257	0.467402273	0.469497695	0.507742019	0.469292383	0.503462446	0.52199585	0.503650181	0.522637348	0.506220342	0.451218228	0.492402093	0.477314094	0.496307279	0.404593641	0.433763652	0.435545402	0.414038528	0.406008339	0.419240435	0.419648325	0.42208083	0.400526989	0.400339742	0.400215462	0.406956334	0.409179022	0.433330278	0.437504431	0.405388095	0.41240341	0.432191394	0.423980461	0.426460759	0.434484905	0.406136347	0.414829108	0.457851525	0.610909437	0.579739072	0.539233916	0.617235957	0.596991595	0.624432951	0.622429603	0.577042727	0.617786452	0.627665038	0.602469341	0.607385741	0.581505987	0.665504303	0.572393588	0.578209188	0.619530614	0.63170932	0.584103397	0.602831595	0.571620678	0.567916438	0.618604139	0.569504685	0.468983036	0.458350379	0.487674296	0.648307686	0.663312217	0.623541313	0.500225403	0.490978421	0.476236886	0.494494037	0.503051498	0.503014838	0.662626004	0.627700816	0.651223968	0.634417501	0.612835893	0.642642065	0.459476701	0.417382377	0.456048564	0.468799016	0.422417925	0.428482637	0.590864751	0.621148667	0.596820113	0.596928338	0.590750296	0.614243858	0.491954601	0.508639453	0.494781044	0.502191519	0.486877566	0.504252419	0.65425608	0.622026625	0.626028765	0.637797727	0.651658554	0.666426317	0.510104819	0.528652178	0.508873893	0.676218825	0.684195546	0.659053808
Italy.Root.It.It41.2.V5	0.236320168	0.250077209	0.254926164	0.225799672	0.230272976	0.261660428	0.248154237	0.241879975	0.27948501	0.276170654	0	0.260547202	0.245694507	0.243481284	0.264124854	0.236833612	0.29481866	0.255765395	0.225597382	0.24776228	0.258385488	0.250355113	0.282473773	0.250669853	0.38838381	0.385432291	0.372752966	0.397813174	0.407299131	0.406080901	0.408565389	0.394229975	0.420177221	0.39184867	0.385998673	0.400079546	0.435938144	0.40046405	0.432883443	0.425191233	0.417915715	0.444128866	0.416848155	0.380781759	0.395366415	0.3928092	0.404070395	0.416603248	0.424141849	0.441554595	0.412972987	0.408058235	0.410377793	0.429773727	0.438619911	0.415376198	0.41599768	0.389927622	0.439646786	0.422042242	0.463191304	0.444449051	0.418481912	0.433087455	0.458596832	0.43839476	0.442962816	0.454570005	0.418079608	0.430590926	0.441560603	0.557987998	0.520954516	0.49570762	0.586101275	0.551161438	0.584500694	0.562609896	0.507506015	0.57304224	0.597375773	0.569621258	0.56364158	0.521868539	0.630125078	0.527917685	0.522525189	0.562834222	0.576151055	0.530332698	0.548940876	0.511284706	0.502742767	0.567510898	0.508300048	0.499043555	0.48022065	0.513201618	0.618304882	0.642281647	0.609865213	0.496962711	0.480133664	0.468047323	0.480471377	0.515615628	0.511429834	0.624002392	0.597412522	0.633490567	0.59970449	0.575773559	0.619379192	0.443996759	0.401251657	0.420548716	0.429207245	0.394564996	0.433013408	0.50998772	0.558789212	0.533988836	0.548051846	0.534305496	0.543818553	0.476682792	0.498661621	0.475384277	0.489206503	0.480215708	0.516392792	0.619092031	0.590526681	0.586422601	0.608078419	0.621906497	0.622206812	0.504812797	0.517336951	0.509504077	0.633948081	0.643305148	0.618819706
Italy.Root.It.It41.3.V5	0.229071699	0.223556369	0.242156611	0.257486774	0.21705954	0.192891717	0.234797373	0.225033051	0.341314862	0.234807248	0.260547202	0	0.248101589	0.266168389	0.293857912	0.234355166	0.291607246	0.237939288	0.235757188	0.263475735	0.249483309	0.250138602	0.238561631	0.240177264	0.426512834	0.443657398	0.40762956	0.452351332	0.443633944	0.451072385	0.47638913	0.44574788	0.466167304	0.434555613	0.448813972	0.442728494	0.488882203	0.437795726	0.479109068	0.51205025	0.477212436	0.496085708	0.478942651	0.426995311	0.463764251	0.454410384	0.473687523	0.37810276	0.403325092	0.407379657	0.386476463	0.383219302	0.383352918	0.392387049	0.402905976	0.378511037	0.3739533	0.370420031	0.380451745	0.38222208	0.416921381	0.404311653	0.376964505	0.386632771	0.408387882	0.404339972	0.401125618	0.410293701	0.380244351	0.38489103	0.422891224	0.59163513	0.554429658	0.5099242	0.605502053	0.579244574	0.603707341	0.60385133	0.56219615	0.604433645	0.619168533	0.593001751	0.589664797	0.557755949	0.646446292	0.553966152	0.559819885	0.604242601	0.616442957	0.568811863	0.582611812	0.55174235	0.53713286	0.599598045	0.548020061	0.451607363	0.444122478	0.466139225	0.632706212	0.640865551	0.607082474	0.483021529	0.459775623	0.448864072	0.463909252	0.494650233	0.483938486	0.633406147	0.60182667	0.628006931	0.618133768	0.590726209	0.61945028	0.449258282	0.403513273	0.428946517	0.455600654	0.401651214	0.4278796	0.558150681	0.604742715	0.559631946	0.569142261	0.561620376	0.586762165	0.46064879	0.478646756	0.466955408	0.47508039	0.453824726	0.488007426	0.62927277	0.603013127	0.603192392	0.619829969	0.62646281	0.64207243	0.482226811	0.49587817	0.484607141	0.647011236	0.654684813	0.641439311
Italy.Root.It.Sw11.1.V5	0.208041039	0.210565791	0.206984661	0.192810761	0.224866679	0.232721908	0.246369226	0.201153175	0.289917841	0.247943458	0.245694507	0.248101589	0	0.219435306	0.23662665	0.219667933	0.245417194	0.195205483	0.220640417	0.19014713	0.240710064	0.235315882	0.240919106	0.237296126	0.442787062	0.444005601	0.421256166	0.463451457	0.458333409	0.464113064	0.471310323	0.449208571	0.466396058	0.453624311	0.448132063	0.456823476	0.474283139	0.452939082	0.474953376	0.478442508	0.466768367	0.486360086	0.472544153	0.43263156	0.458428945	0.453385806	0.460226594	0.40296265	0.423914338	0.4259731	0.402655346	0.396980789	0.402127126	0.409308351	0.422859501	0.386828432	0.401942139	0.401719505	0.406549319	0.402617831	0.44028275	0.433216681	0.418972221	0.415147315	0.438140495	0.406740219	0.424532689	0.444055232	0.410603177	0.413278626	0.437785565	0.589981958	0.5571751	0.516152548	0.61054482	0.574388835	0.610872602	0.59590593	0.551025692	0.600162988	0.619061309	0.595301323	0.585481302	0.561454307	0.647950233	0.555709776	0.554543517	0.591734493	0.611564075	0.559363578	0.581139866	0.546844786	0.531756825	0.601631588	0.542024893	0.472209095	0.446320568	0.480974788	0.637003352	0.646669333	0.625470551	0.489095971	0.474678094	0.460528133	0.478522029	0.495347634	0.497706024	0.639404905	0.609548048	0.63838587	0.617568795	0.594140728	0.629168841	0.417602769	0.390178214	0.410402283	0.431324397	0.387664946	0.415276952	0.551525032	0.592872867	0.559338455	0.570418335	0.562871103	0.577786587	0.4780395	0.490045167	0.477183782	0.484465773	0.472068875	0.50205475	0.637776449	0.612890456	0.60947701	0.622403232	0.629301835	0.642273688	0.50014511	0.512105202	0.497615717	0.640800773	0.651772782	0.630256462
Italy.Root.It.Sw11.2.V5	0.241758029	0.258565529	0.229463735	0.20797687	0.247801168	0.265338648	0.277193413	0.222868235	0.252756477	0.272865467	0.243481284	0.266168389	0.219435306	0	0.222537129	0.246845174	0.237795636	0.220376985	0.258286396	0.225164366	0.242093923	0.238245497	0.235607224	0.255048782	0.451767035	0.439821723	0.424531684	0.474369344	0.465966476	0.470968317	0.472767828	0.459813629	0.463138102	0.445454572	0.443433614	0.460884499	0.502115792	0.471229308	0.484097394	0.481725468	0.476741222	0.50402937	0.476513885	0.44858746	0.458023997	0.455891013	0.464150486	0.411952023	0.440680384	0.442293092	0.417141797	0.408332464	0.414776126	0.421406051	0.441032181	0.404666582	0.402516412	0.400117241	0.417688495	0.422759794	0.459831827	0.443777891	0.433796977	0.42241844	0.457171283	0.425370913	0.440038035	0.455368556	0.41652925	0.421326789	0.450004515	0.598250248	0.566128723	0.524794363	0.61987052	0.583656264	0.622807751	0.603252287	0.550266734	0.608304341	0.634198981	0.604885906	0.60190382	0.567904675	0.663553325	0.567082855	0.558056284	0.600315725	0.618246624	0.565676667	0.58369841	0.550964857	0.540734486	0.607601738	0.54425782	0.481313032	0.458228781	0.486485193	0.640392094	0.645320752	0.634560436	0.489052065	0.474215164	0.465371112	0.484035527	0.502179152	0.499353923	0.642539061	0.61647643	0.643055334	0.62552444	0.604049718	0.637654687	0.40885192	0.375666012	0.394525759	0.4083844	0.374741699	0.401068634	0.553224067	0.590718275	0.55834254	0.5774547	0.560113036	0.584419502	0.475163791	0.495116489	0.477524045	0.482979309	0.478781184	0.504079356	0.649072008	0.612478411	0.612724781	0.630991895	0.638552304	0.645506183	0.504552305	0.514824315	0.500731054	0.64188744	0.661332891	0.638560252
Italy.Root.It.Sw11.3.V5	0.252311517	0.258537316	0.229641251	0.240215795	0.26517871	0.283045705	0.311999828	0.256334355	0.262212525	0.324995571	0.264124854	0.293857912	0.23662665	0.222537129	0	0.267284168	0.261743515	0.227773881	0.273288976	0.231448674	0.24247882	0.283383337	0.283961373	0.252824801	0.461920942	0.430770847	0.432542366	0.480091632	0.471441001	0.477272292	0.472079176	0.455862625	0.47150257	0.464962838	0.457301119	0.466796954	0.499123595	0.479041692	0.475599451	0.466986543	0.463458375	0.495935134	0.47465619	0.442173973	0.452948355	0.456957608	0.449607832	0.419708646	0.439530489	0.437681339	0.426435398	0.411981208	0.412422091	0.42242977	0.445025415	0.412283835	0.405704118	0.407639394	0.424146274	0.431627954	0.460724742	0.418081308	0.434771666	0.428208549	0.444616546	0.429661586	0.440524198	0.447676143	0.425174582	0.432337478	0.426282641	0.592226627	0.554996262	0.52638258	0.623531945	0.581519434	0.620765313	0.593086489	0.542047045	0.607824679	0.623679613	0.600477679	0.595681488	0.563193586	0.651009393	0.5584268	0.548513812	0.58883371	0.613459352	0.564543822	0.580972064	0.54103187	0.539235079	0.602388852	0.53466505	0.475544189	0.445090856	0.477257524	0.632625907	0.647964979	0.64245833	0.457329771	0.448214758	0.440257538	0.454925973	0.479273499	0.475517504	0.636074405	0.619786752	0.641595137	0.618822459	0.605573055	0.634582958	0.365701845	0.334349866	0.352131348	0.366077638	0.329095599	0.352035228	0.537519959	0.561910967	0.547165228	0.560942817	0.545983605	0.558060788	0.445468748	0.466477731	0.450424965	0.455151226	0.455030481	0.477642301	0.639630664	0.607737896	0.605827176	0.622958654	0.629077533	0.633213593	0.479660823	0.486324149	0.475651894	0.636306908	0.648530918	0.621684445
Italy.Root.It.Sw43.1.V5	0.233129745	0.243768075	0.233672208	0.236535865	0.23328444	0.220985535	0.246233442	0.237373815	0.31283378	0.26846542	0.236833612	0.234355166	0.219667933	0.246845174	0.267284168	0	0.265014336	0.232247914	0.223797934	0.233588769	0.245885262	0.24250409	0.236385022	0.219334515	0.401969798	0.402467867	0.382621774	0.424940566	0.410356555	0.422593964	0.436503771	0.408619234	0.432774303	0.419600501	0.413963283	0.417147725	0.443471491	0.410245705	0.438879951	0.450693404	0.430817305	0.448914521	0.432618548	0.39291867	0.416936369	0.415714834	0.423295487	0.394731833	0.418264681	0.420476715	0.399094184	0.392778819	0.400379851	0.406928956	0.418989126	0.395474938	0.38989086	0.383260821	0.408279542	0.396353237	0.439775431	0.428175501	0.396246192	0.410625959	0.43110054	0.415725019	0.420099476	0.428244651	0.401114149	0.412175168	0.429629388	0.557868031	0.52128507	0.492725211	0.579346783	0.549229278	0.579397745	0.56467833	0.520802535	0.574646304	0.595630313	0.574096615	0.561543636	0.532992077	0.618468593	0.526026948	0.524480554	0.559683047	0.579933832	0.528427019	0.548032883	0.512121545	0.503159732	0.564540587	0.513690125	0.477219665	0.455932406	0.479723851	0.605125605	0.620927027	0.600911342	0.47189513	0.457286907	0.451132808	0.455153756	0.4879195	0.480496335	0.607279685	0.586780573	0.611965231	0.587020729	0.57492193	0.602912414	0.415442419	0.369184387	0.395558739	0.410048079	0.360341874	0.388189822	0.516964999	0.558135719	0.528398024	0.53369238	0.532284812	0.552993811	0.453414793	0.470645579	0.456161444	0.460274028	0.453988384	0.483536755	0.606397821	0.577277423	0.578010202	0.591712099	0.60649615	0.604733587	0.476622731	0.489375409	0.483993804	0.623998564	0.639065812	0.613324614
Italy.Root.It.Sw43.2.V5	0.291578367	0.284484353	0.274168061	0.256221143	0.294226063	0.285967135	0.304865025	0.278911004	0.311778711	0.286411058	0.29481866	0.291607246	0.245417194	0.237795636	0.261743515	0.265014336	0	0.243415383	0.2785357	0.249763824	0.259175986	0.257741858	0.257711911	0.282795014	0.469137094	0.473173064	0.454072905	0.503844831	0.486256393	0.489578119	0.508069593	0.481420458	0.495182916	0.489932186	0.472780676	0.490544933	0.520787036	0.494635513	0.514406037	0.509285308	0.506027472	0.526715275	0.519784049	0.466869013	0.499592124	0.496017841	0.488393142	0.427456049	0.456195326	0.453304733	0.437218014	0.432352246	0.431613854	0.42881421	0.456317943	0.411938473	0.425103566	0.434969847	0.430972636	0.438259844	0.456248309	0.442687676	0.443794558	0.424365857	0.452052788	0.43566624	0.444254955	0.455844267	0.43736174	0.44174837	0.451240173	0.614150284	0.578347051	0.552322684	0.633575479	0.605084798	0.633920504	0.620176163	0.579904341	0.624762914	0.640802931	0.619993686	0.622494869	0.592863366	0.67244414	0.577457303	0.575084424	0.611984961	0.633574422	0.589718422	0.601900493	0.569284774	0.55953786	0.625282318	0.569053821	0.476295242	0.45646531	0.475912305	0.638490755	0.640345197	0.637909507	0.48163647	0.473409997	0.467273401	0.479817621	0.494582139	0.484795165	0.632905431	0.628427832	0.631638155	0.625590196	0.609842916	0.639033668	0.391251338	0.364098009	0.394176846	0.410008701	0.359307047	0.384973749	0.568663724	0.57787258	0.556731239	0.568547271	0.560677385	0.568168238	0.47553672	0.488074056	0.47641286	0.476712938	0.4759552	0.495992263	0.641389068	0.615544944	0.604972586	0.633650527	0.636304337	0.643461161	0.500955879	0.503506168	0.493078074	0.654423171	0.65655854	0.639288089
Italy.Root.It.Sw43.3.V5	0.221527061	0.23149125	0.199045202	0.217608358	0.220884763	0.233479978	0.252566114	0.227860528	0.282004591	0.26338953	0.255765395	0.237939288	0.195205483	0.220376985	0.227773881	0.232247914	0.243415383	0	0.228913222	0.197335351	0.235792624	0.247767763	0.224599735	0.221727729	0.442932773	0.443217075	0.419579315	0.46904258	0.45679141	0.459909644	0.47079018	0.445261793	0.463066673	0.453374029	0.447124425	0.450698584	0.484076104	0.45031569	0.478985204	0.478449231	0.462861749	0.491359714	0.469394712	0.433257747	0.453613534	0.455626146	0.455461236	0.396857729	0.421709342	0.420681176	0.403199663	0.399874436	0.39286491	0.400399907	0.422483255	0.39224974	0.391663819	0.392052095	0.398316802	0.408401512	0.430858505	0.415180919	0.406737391	0.403416285	0.421955676	0.417228754	0.421238576	0.425763204	0.402983706	0.414177128	0.422809278	0.587002814	0.545840499	0.511729351	0.607760161	0.571412146	0.607303073	0.588070187	0.550905239	0.594090742	0.610960132	0.589648739	0.585659278	0.553552907	0.63986211	0.543847346	0.555093942	0.590241755	0.604828451	0.560733322	0.574895855	0.532791589	0.525492544	0.594097446	0.533967519	0.45930587	0.436414869	0.468107739	0.627701689	0.631575604	0.624165637	0.466209401	0.453173691	0.441245132	0.456488176	0.483498808	0.473023837	0.628815685	0.603423459	0.62552435	0.608045797	0.586690975	0.62138584	0.400396136	0.368789133	0.397860999	0.419924683	0.361753147	0.393628204	0.552811377	0.585855182	0.554628674	0.561161596	0.547318394	0.569016779	0.453698213	0.475951409	0.457005825	0.463029961	0.45483049	0.476172645	0.630035352	0.597393891	0.598873161	0.612267182	0.623284863	0.626583675	0.480156599	0.490837836	0.474139888	0.637326404	0.653176938	0.635283401
Italy.Root.It.Sw47.1.V5	0.213671484	0.219924245	0.241913523	0.229637316	0.213782133	0.220623623	0.242046522	0.234466011	0.330449606	0.263231798	0.225597382	0.235757188	0.220640417	0.258286396	0.273288976	0.223797934	0.2785357	0.228913222	0	0.233900013	0.244142822	0.220540057	0.2379698	0.20668229	0.374326855	0.382065754	0.358351181	0.39887921	0.391634612	0.396578582	0.416108834	0.388843805	0.397815142	0.387633789	0.397725717	0.382147061	0.423738972	0.387688485	0.424039407	0.430383219	0.407499247	0.42519438	0.414028953	0.372224799	0.400589447	0.397205937	0.399692461	0.356374403	0.374035779	0.386088062	0.361711501	0.359516955	0.358587174	0.3735794	0.379576361	0.360930758	0.361328451	0.351754226	0.374466118	0.369334834	0.397423837	0.387736216	0.36029041	0.366941384	0.39885132	0.378636401	0.384410839	0.398472591	0.36352029	0.37348856	0.388303285	0.537053895	0.493100541	0.469597519	0.551318977	0.520919919	0.555262325	0.541062797	0.498736924	0.543002655	0.562322193	0.544731226	0.5344399	0.504862414	0.596783965	0.499306492	0.498899596	0.542146202	0.558324222	0.504604531	0.523590838	0.487736743	0.475173407	0.53617867	0.484904851	0.440260379	0.423095075	0.467441049	0.600020009	0.621190497	0.587291555	0.446245852	0.441604925	0.430956391	0.433180624	0.470114107	0.465194955	0.595778258	0.568541231	0.604171627	0.570959842	0.560443739	0.589866732	0.434060378	0.374802032	0.413000044	0.426106813	0.391397236	0.404072971	0.505861023	0.554618065	0.526409589	0.524598413	0.525536345	0.536929143	0.434106178	0.456298338	0.443080016	0.450199995	0.437193248	0.468703351	0.591697004	0.560477236	0.56306097	0.577419478	0.596951785	0.597613678	0.45834803	0.474724175	0.475917494	0.621954718	0.636171246	0.611331605
Italy.Root.It.Sw47.2.V5	0.228161435	0.22756565	0.222690985	0.200555594	0.238599028	0.240305361	0.256615883	0.224323351	0.271819323	0.267549983	0.24776228	0.263475735	0.19014713	0.225164366	0.231448674	0.233588769	0.249763824	0.197335351	0.233900013	0	0.235700528	0.251901022	0.234291828	0.227248925	0.434346059	0.436189288	0.417921332	0.464418335	0.452075075	0.456772455	0.470138675	0.438090074	0.461448794	0.445137861	0.435656044	0.446676166	0.471572414	0.448307455	0.469757624	0.476577277	0.458636694	0.479102699	0.465023163	0.424839163	0.444611731	0.443630065	0.44831788	0.404667007	0.426004063	0.426072377	0.401359509	0.399191865	0.401552026	0.409014543	0.424208659	0.395651562	0.390618665	0.390272794	0.410374939	0.411894787	0.440744063	0.425816671	0.41912769	0.408469502	0.437150736	0.414771853	0.425673452	0.440453079	0.412116482	0.416764325	0.427447955	0.587763511	0.545654791	0.514728293	0.607385908	0.577271977	0.606280168	0.58934521	0.547170142	0.596022586	0.617532094	0.593783459	0.585040498	0.554920123	0.648903415	0.548833379	0.551518599	0.590925679	0.608567958	0.551049237	0.571516591	0.536895768	0.532083237	0.597067248	0.539593339	0.480073112	0.443433676	0.481979312	0.63402709	0.653049055	0.640214642	0.485541462	0.476492638	0.466169752	0.478523042	0.499672764	0.501564403	0.635742186	0.610148923	0.643457696	0.61290805	0.595849073	0.623077689	0.41463468	0.391667144	0.40105174	0.418978648	0.382461978	0.39748149	0.538197614	0.574234282	0.550588334	0.561878235	0.549632379	0.557230862	0.474288973	0.496341013	0.479619947	0.483074292	0.477434107	0.503834396	0.630939585	0.604569994	0.60485709	0.621464712	0.635304584	0.637912091	0.496031447	0.514222164	0.498510665	0.642063911	0.663857237	0.633311448
Italy.Root.It.Sw47.3.V5	0.240215443	0.257428279	0.221088338	0.244325908	0.247646575	0.244748892	0.268889947	0.23896209	0.304234074	0.270816725	0.258385488	0.249483309	0.240710064	0.242093923	0.24247882	0.245885262	0.259175986	0.235792624	0.244142822	0.235700528	0	0.237749398	0.249548782	0.237161913	0.433301763	0.42842363	0.40545097	0.455399564	0.446316843	0.453086197	0.452093293	0.440714411	0.453422864	0.437092165	0.434574631	0.443681418	0.473502908	0.445358649	0.45226537	0.463342021	0.44981804	0.479882373	0.468511253	0.421130902	0.445666801	0.449637721	0.437828051	0.393338532	0.414920226	0.417108285	0.395557972	0.388864207	0.394588081	0.402088407	0.415469739	0.387214106	0.388128795	0.382029851	0.391377838	0.398149052	0.429306703	0.414607081	0.400174254	0.402660383	0.418921186	0.403770181	0.418642333	0.420835561	0.395376923	0.405570464	0.419084226	0.57833287	0.539821752	0.501959518	0.598586497	0.560471712	0.602324054	0.581198962	0.536579682	0.592068423	0.60662582	0.575345508	0.57610896	0.547671387	0.633182326	0.535329333	0.540730622	0.584468433	0.599101605	0.549731027	0.564213272	0.525761188	0.517000639	0.58470227	0.523683128	0.459390182	0.439877034	0.467907668	0.613782574	0.632518669	0.616470149	0.457610399	0.449657706	0.441816482	0.45491634	0.4739183	0.468094656	0.613538252	0.592524144	0.622556875	0.601420052	0.585637747	0.611578984	0.398340099	0.363507572	0.386125931	0.399158571	0.366669147	0.384320355	0.535271019	0.557744893	0.534948801	0.549875161	0.541953373	0.548991461	0.450613399	0.466825656	0.455767061	0.455604592	0.449282981	0.473767077	0.621957659	0.587188017	0.580937029	0.600201959	0.612980993	0.613682948	0.469311335	0.486070698	0.478897392	0.642670134	0.642273641	0.627556222
